zip_code,first_dose,second_dose,single_dose,atleast_one_dose,fully_vaccinated,date
20906,53916,48460,2420,56336,50880,2021-11-17
20878,49693,44525,3355,53048,47880,2021-11-17
20874,43630,39543,3373,47003,42916,2021-11-17
21234,41902,38732,2974,44876,41706,2021-11-17
20904,41720,37416,1636,43356,39052,2021-11-17
20854,40454,35436,2108,42562,37544,2021-11-17
20850,38686,34813,2490,41176,37303,2021-11-17
21122,36713,33950,3061,39774,37011,2021-11-17
21117,37764,34567,2334,40098,36901,2021-11-17
20902,38552,34097,1888,40440,35985,2021-11-17
21043,36656,33767,2136,38792,35903,2021-11-17
21228,35879,33098,2470,38349,35568,2021-11-17
21224,33509,30033,3387,36896,33420,2021-11-17
21042,34230,31439,1945,36175,33384,2021-11-17
20852,34932,31046,1881,36813,32927,2021-11-17
21061,31814,28936,2588,34402,31524,2021-11-17
21044,32280,29760,1742,34022,31502,2021-11-17
20774,33043,29603,1503,34546,31106,2021-11-17
21222,29945,27301,3441,33386,30742,2021-11-17
21215,31158,27620,1975,33133,29595,2021-11-17
21093,30142,27594,1857,31999,29451,2021-11-17
21740,27085,24478,4694,31779,29172,2021-11-17
20772,30602,27539,1387,31989,28926,2021-11-17
20910,30543,26853,1628,32171,28481,2021-11-17
21045,29173,26765,1685,30858,28450,2021-11-17
21702,28181,25703,2505,30686,28208,2021-11-17
20744,29813,26478,1289,31102,27767,2021-11-17
21401,28147,25431,1912,30059,27343,2021-11-17
21784,27068,25073,2181,29249,27254,2021-11-17
20783,29629,25278,1891,31520,27169,2021-11-17
21207,27629,25143,1801,29430,26944,2021-11-17
20817,29204,25123,1803,31007,26926,2021-11-17
21701,25865,23761,2796,28661,26557,2021-11-17
20706,27959,24753,1739,29698,26492,2021-11-17
21236,26356,24496,1954,28310,26450,2021-11-17
21218,27563,24853,1326,28889,26179,2021-11-17
21703,25925,23475,2459,28384,25934,2021-11-17
21206,26697,24159,1631,28328,25790,2021-11-17
20877,26649,23439,2079,28728,25518,2021-11-17
20901,27149,23758,1364,28513,25122,2021-11-17
21014,24829,23037,1978,26807,25015,2021-11-17
20707,24688,22233,1664,26352,23897,2021-11-17
21208,24773,22532,1262,26035,23794,2021-11-17
21136,23781,21807,1774,25555,23581,2021-11-17
20723,24034,21964,1591,25625,23555,2021-11-17
21220,23385,21464,2059,25444,23523,2021-11-17
20886,24026,21524,1900,25926,23424,2021-11-17
21221,23327,21104,1862,25189,22966,2021-11-17
21157,22458,20801,2158,24616,22959,2021-11-17
21075,23481,21467,1428,24909,22895,2021-11-17
21229,23199,21079,1638,24837,22717,2021-11-17
20853,23666,21203,1352,25018,22555,2021-11-17
21113,22677,20645,1366,24043,22011,2021-11-17
21060,21838,20006,1826,23664,21832,2021-11-17
21230,22228,20157,1636,23864,21793,2021-11-17
21144,21973,20058,1661,23634,21719,2021-11-17
20735,23129,20526,1087,24216,21613,2021-11-17
20814,23230,20189,1301,24531,21490,2021-11-17
20785,23141,20133,1173,24314,21306,2021-11-17
21244,22115,20033,1221,23336,21254,2021-11-17
21921,21591,19555,1611,23202,21166,2021-11-17
21212,21710,19520,1223,22933,20743,2021-11-17
21403,21760,19346,1288,23048,20634,2021-11-17
21502,20320,18454,2061,22381,20515,2021-11-17
20815,22253,19053,1184,23437,20237,2021-11-17
21146,20967,18833,1393,22360,20226,2021-11-17
21015,19857,18352,1591,21448,19943,2021-11-17
21771,19006,17641,2143,21149,19784,2021-11-17
20721,20903,18727,983,21886,19710,2021-11-17
21804,19761,17962,1607,21368,19569,2021-11-17
21133,20082,18374,1163,21245,19537,2021-11-17
20871,19892,17833,1479,21371,19312,2021-11-17
21237,19387,17838,1288,20675,19126,2021-11-17
21009,18930,17488,1491,20421,18979,2021-11-17
21227,18962,17405,1573,20535,18978,2021-11-17
20832,19655,17787,1092,20747,18879,2021-11-17
20705,19272,17289,1343,20615,18632,2021-11-17
21209,19503,17671,891,20394,18562,2021-11-17
20782,20104,17354,1124,21228,18478,2021-11-17
21742,17328,15845,2500,19828,18345,2021-11-17
20879,18783,16830,1513,20296,18343,2021-11-17
20603,19003,17194,1000,20003,18194,2021-11-17
20747,19740,17296,873,20613,18169,2021-11-17
20784,19288,16885,1244,20532,18129,2021-11-17
20876,18183,16510,1449,19632,17959,2021-11-17
20743,19054,16652,953,20007,17605,2021-11-17
20715,17927,16270,1167,19094,17437,2021-11-17
21030,17796,16276,1146,18942,17422,2021-11-17
21114,18096,16365,978,19074,17343,2021-11-17
20748,18733,16476,865,19598,17341,2021-11-17
20740,17774,15971,1271,19045,17242,2021-11-17
20770,16773,14875,1266,18039,16141,2021-11-17
20720,17047,15250,890,17937,16140,2021-11-17
21239,16240,14870,874,17114,15744,2021-11-17
20912,17255,14852,889,18144,15741,2021-11-17
21286,15669,14475,1061,16730,15536,2021-11-17
21601,15122,13728,1802,16924,15530,2021-11-17
21801,15524,14130,1290,16814,15420,2021-11-17
20708,16565,14351,1062,17627,15413,2021-11-17
21012,15833,14287,965,16798,15252,2021-11-17
21225,16044,14142,1056,17100,15198,2021-11-17
21811,15193,13951,1200,16393,15151,2021-11-17
20903,16467,14258,864,17331,15122,2021-11-17
20602,15677,14019,955,16632,14974,2021-11-17
21217,15483,13583,1107,16590,14690,2021-11-17
20601,15244,13795,878,16122,14673,2021-11-17
20716,14548,13214,805,15353,14019,2021-11-17
21076,14199,12966,1024,15223,13990,2021-11-17
20895,14909,13034,913,15822,13947,2021-11-17
21037,14063,12827,940,15003,13767,2021-11-17
21213,14723,12959,770,15493,13729,2021-11-17
21704,13742,12197,1480,15222,13677,2021-11-17
21409,14165,12804,830,14995,13634,2021-11-17
21001,13243,12050,1574,14817,13624,2021-11-17
21204,13941,12626,915,14856,13541,2021-11-17
20737,14294,12300,1142,15436,13442,2021-11-17
20905,13748,12482,683,14431,13165,2021-11-17
21202,14079,11963,1012,15091,12975,2021-11-17
21211,12901,11981,702,13603,12683,2021-11-17
21108,12892,11797,858,13750,12655,2021-11-17
20653,13035,11764,876,13911,12640,2021-11-17
21158,12259,11451,1078,13337,12529,2021-11-17
21216,13077,11549,880,13957,12429,2021-11-17
20646,12757,11634,788,13545,12422,2021-11-17
20745,13607,11748,638,14245,12386,2021-11-17
21050,11954,11096,977,12931,12073,2021-11-17
21040,11887,10701,1362,13249,12063,2021-11-17
20746,13036,11393,669,13705,12062,2021-11-17
20855,12065,10935,885,12950,11820,2021-11-17
20659,11990,11021,764,12754,11785,2021-11-17
21214,12028,10893,794,12822,11687,2021-11-17
21078,11351,10364,1292,12643,11656,2021-11-17
21231,11856,10744,626,12482,11370,2021-11-17
20816,12350,10514,765,13115,11279,2021-11-17
21046,11625,10570,687,12312,11257,2021-11-17
20657,11181,9966,1115,12296,11081,2021-11-17
20724,11328,10194,787,12115,10981,2021-11-17
21201,11394,10246,590,11984,10836,2021-11-17
21774,10453,9478,1122,11575,10600,2021-11-17
21128,10560,9761,663,11223,10424,2021-11-17
20866,10856,9826,519,11375,10345,2021-11-17
20851,10711,9693,628,11339,10321,2021-11-17
21029,10613,9699,558,11171,10257,2021-11-17
21085,9858,9119,1007,10865,10126,2021-11-17
20882,9707,8849,1003,10710,9852,2021-11-17
21613,9365,8497,1145,10510,9642,2021-11-17
20639,9925,8988,598,10523,9586,2021-11-17
20872,9191,8366,1026,10217,9392,2021-11-17
21054,9793,8810,526,10319,9336,2021-11-17
20794,10583,8691,615,11198,9306,2021-11-17
20650,9601,8760,535,10136,9295,2021-11-17
21074,8560,7952,1214,9774,9166,2021-11-17
21210,9600,8698,395,9995,9093,2021-11-17
20613,9420,8493,581,10001,9074,2021-11-17
21223,9485,8188,776,10261,8964,2021-11-17
21047,8631,8013,754,9385,8767,2021-11-17
21901,8691,7891,793,9484,8684,2021-11-17
21666,8138,7475,691,8829,8166,2021-11-17
20619,8327,7565,544,8871,8109,2021-11-17
20678,8024,7285,455,8479,7740,2021-11-17
21842,7855,6942,717,8572,7659,2021-11-17
21769,7255,6695,921,8176,7616,2021-11-17
20781,8046,6995,584,8630,7579,2021-11-17
21620,7598,6926,645,8243,7571,2021-11-17
20695,7718,7007,399,8117,7406,2021-11-17
20841,7126,6546,659,7785,7205,2021-11-17
21205,7575,6678,513,8088,7191,2021-11-17
21102,6354,5825,1082,7436,6907,2021-11-17
21048,6582,6103,743,7325,6846,2021-11-17
20607,7153,6458,359,7512,6817,2021-11-17
21090,6621,6153,534,7155,6687,2021-11-17
21793,6585,6050,588,7173,6638,2021-11-17
21532,6339,5777,823,7162,6600,2021-11-17
21617,6416,5926,624,7040,6550,2021-11-17
21788,6026,5614,653,6679,6267,2021-11-17
20636,6285,5830,432,6717,6262,2021-11-17
21550,6269,5650,506,6775,6156,2021-11-17
21797,5826,5378,628,6454,6006,2021-11-17
21032,6030,5530,431,6461,5961,2021-11-17
20732,6209,5516,364,6573,5880,2021-11-17
20736,6080,5392,343,6423,5735,2021-11-17
21131,5696,5226,491,6187,5717,2021-11-17
21787,5629,5213,484,6113,5697,2021-11-17
20833,5923,5281,412,6335,5693,2021-11-17
21163,5626,5235,388,6014,5623,2021-11-17
21035,5766,5213,378,6144,5591,2021-11-17
21629,4984,4619,879,5863,5498,2021-11-17
21219,5117,4742,531,5648,5273,2021-11-17
21713,4617,4202,1022,5639,5224,2021-11-17
21770,4827,4429,573,5400,5002,2021-11-17
20769,4996,4529,323,5319,4852,2021-11-17
21795,4414,4060,770,5184,4830,2021-11-17
20837,4851,4320,472,5323,4792,2021-11-17
21911,4742,4305,473,5215,4778,2021-11-17
20710,5116,4371,398,5514,4769,2021-11-17
21754,4535,4190,552,5087,4742,2021-11-17
20759,5075,4456,257,5332,4713,2021-11-17
20640,4880,4345,295,5175,4640,2021-11-17
21120,4411,4111,501,4912,4612,2021-11-17
21084,4512,4219,363,4875,4582,2021-11-17
21783,4051,3738,708,4759,4446,2021-11-17
21619,4378,4006,386,4764,4392,2021-11-17
20754,4544,4035,282,4826,4317,2021-11-17
21104,4214,3929,327,4541,4256,2021-11-17
21853,4251,3851,375,4626,4226,2021-11-17
21152,4030,3723,416,4446,4139,2021-11-17
20711,4133,3766,313,4446,4079,2021-11-17
20712,4400,3729,282,4682,4011,2021-11-17
20634,3961,3604,348,4309,3952,2021-11-17
21716,3827,3422,487,4314,3909,2021-11-17
20685,3889,3539,303,4192,3842,2021-11-17
20616,3923,3521,229,4152,3750,2021-11-17
21851,3656,3376,303,3959,3679,2021-11-17
21017,3615,3309,319,3934,3628,2021-11-17
21087,3563,3317,295,3858,3612,2021-11-17
21111,3562,3269,321,3883,3590,2021-11-17
21755,3387,3126,387,3774,3513,2021-11-17
20722,3687,3193,285,3972,3478,2021-11-17
21776,3283,3094,297,3580,3391,2021-11-17
21154,3191,2947,395,3586,3342,2021-11-17
21226,3316,2994,339,3655,3333,2021-11-17
21013,3315,3056,276,3591,3332,2021-11-17
20637,3385,3109,193,3578,3302,2021-11-17
21875,3329,3016,272,3601,3288,2021-11-17
21904,3219,2943,293,3512,3236,2021-11-17
21773,2927,2715,460,3387,3175,2021-11-17
21638,3105,2852,259,3364,3111,2021-11-17
21710,3067,2799,282,3349,3081,2021-11-17
21162,3042,2767,224,3266,2991,2021-11-17
21746,3175,2669,278,3453,2947,2021-11-17
21161,2866,2633,306,3172,2939,2021-11-17
21057,2866,2652,235,3101,2887,2021-11-17
20622,2909,2679,156,3065,2835,2021-11-17
21643,2490,2244,582,3072,2826,2021-11-17
21903,2846,2576,233,3079,2809,2021-11-17
21632,2390,2164,605,2995,2769,2021-11-17
21826,2697,2450,259,2956,2709,2021-11-17
21791,2589,2413,252,2841,2665,2021-11-17
21863,2671,2423,240,2911,2663,2021-11-17
21758,2484,2250,357,2841,2607,2021-11-17
20777,2641,2405,158,2799,2563,2021-11-17
21655,2272,2103,439,2711,2542,2021-11-17
20714,2655,2370,148,2803,2518,2021-11-17
20764,2550,2359,159,2709,2518,2021-11-17
21738,2436,2258,209,2645,2467,2021-11-17
21658,2389,2185,280,2669,2465,2021-11-17
21140,2474,2227,185,2659,2412,2021-11-17
21722,2110,1959,351,2461,2310,2021-11-17
21663,2054,1875,337,2391,2212,2021-11-17
21830,2088,1935,246,2334,2181,2021-11-17
21817,2002,1814,333,2335,2147,2021-11-17
21727,2082,1856,274,2356,2130,2021-11-17
21639,1781,1638,480,2261,2118,2021-11-17
21660,1844,1689,423,2267,2112,2021-11-17
20676,2174,1962,146,2320,2108,2021-11-17
20776,2105,1918,137,2242,2055,2021-11-17
20688,2141,1889,165,2306,2054,2021-11-17
20861,2164,1929,117,2281,2046,2021-11-17
21028,1982,1813,136,2118,1949,2021-11-17
21756,1652,1534,378,2030,1912,2021-11-17
21794,1888,1730,162,2050,1892,2021-11-17
21782,1596,1461,410,2006,1871,2021-11-17
21918,1808,1644,206,2014,1850,2021-11-17
21673,1745,1597,252,1997,1849,2021-11-17
20755,1999,1626,209,2208,1835,2021-11-17
21034,1696,1555,192,1888,1747,2021-11-17
20623,1819,1666,72,1891,1738,2021-11-17
20733,1774,1617,118,1892,1735,2021-11-17
21053,1638,1531,185,1823,1716,2021-11-17
20763,1691,1568,134,1825,1702,2021-11-17
21036,1699,1559,121,1820,1680,2021-11-17
21737,1647,1500,112,1759,1612,2021-11-17
21890,2098,1601,10,2108,1611,2021-11-17
20860,1709,1503,78,1787,1581,2021-11-17
21915,1574,1450,104,1678,1554,2021-11-17
21661,1564,1440,109,1673,1549,2021-11-17
21813,1520,1396,128,1648,1524,2021-11-17
20664,1543,1401,122,1665,1523,2021-11-17
20677,1552,1417,100,1652,1517,2021-11-17
21155,1403,1313,198,1601,1511,2021-11-17
21849,1463,1361,146,1609,1507,2021-11-17
21536,1495,1348,144,1639,1492,2021-11-17
21822,1402,1311,164,1566,1475,2021-11-17
21919,1453,1363,93,1546,1456,2021-11-17
21850,1363,1256,169,1532,1425,2021-11-17
20742,1571,1371,48,1619,1419,2021-11-17
20751,1432,1307,106,1538,1413,2021-11-17
21631,1285,1191,202,1487,1393,2021-11-17
21132,1334,1246,105,1439,1351,2021-11-17
21757,1304,1226,118,1422,1344,2021-11-17
21678,1308,1222,121,1429,1343,2021-11-17
21798,1262,1159,154,1416,1313,2021-11-17
21651,1286,1193,116,1402,1309,2021-11-17
21750,1270,1173,120,1390,1293,2021-11-17
20778,1263,1158,96,1359,1254,2021-11-17
20842,1248,1132,120,1368,1252,2021-11-17
21625,1160,1066,186,1346,1252,2021-11-17
20662,1269,1149,74,1343,1223,2021-11-17
21837,1183,1091,127,1310,1218,2021-11-17
21917,1189,1094,116,1305,1210,2021-11-17
21561,1233,1098,111,1344,1209,2021-11-17
20689,1228,1105,75,1303,1180,2021-11-17
21777,1121,1016,147,1268,1163,2021-11-17
20818,1285,1085,73,1358,1158,2021-11-17
21160,1085,996,147,1232,1143,2021-11-17
21623,1104,993,105,1209,1098,2021-11-17
21539,1058,942,132,1190,1074,2021-11-17
21871,949,881,166,1115,1047,2021-11-17
21562,1022,930,116,1138,1046,2021-11-17
21874,982,912,127,1109,1039,2021-11-17
21635,995,939,97,1092,1036,2021-11-17
20675,1038,931,69,1107,1000,2021-11-17
21654,887,785,100,987,885,2021-11-17
21520,886,805,54,940,859,2021-11-17
21531,863,774,54,917,828,2021-11-17
20620,825,754,64,889,818,2021-11-17
21541,851,763,50,901,813,2021-11-17
20621,770,733,52,822,785,2021-11-17
20779,794,732,52,846,784,2021-11-17
21545,763,685,90,853,775,2021-11-17
21668,753,683,88,841,771,2021-11-17
21838,742,680,88,830,768,2021-11-17
21723,767,698,63,830,761,2021-11-17
20684,720,670,54,774,724,2021-11-17
21640,631,564,148,779,712,2021-11-17
20896,779,653,53,832,706,2021-11-17
20624,708,643,35,743,678,2021-11-17
21557,655,595,80,735,675,2021-11-17
20609,671,616,50,721,666,2021-11-17
20892,662,623,29,691,652,2021-11-17
21780,580,540,92,672,632,2021-11-17
21005,666,560,71,737,631,2021-11-17
20611,639,574,57,696,631,2021-11-17
20692,628,581,48,676,629,2021-11-17
21649,573,492,136,709,628,2021-11-17
21153,657,587,33,690,620,2021-11-17
21657,582,529,81,663,610,2021-11-17
21767,560,512,97,657,609,2021-11-17
21555,611,546,61,672,607,2021-11-17
20693,623,573,32,655,605,2021-11-17
21841,600,548,46,646,594,2021-11-17
21082,566,545,49,615,594,2021-11-17
20690,582,544,40,622,584,2021-11-17
21733,521,477,95,616,572,2021-11-17
20680,579,532,38,617,570,2021-11-17
21636,500,455,114,614,569,2021-11-17
21530,546,509,60,606,569,2021-11-17
21912,550,490,62,612,552,2021-11-17
20658,559,501,50,609,551,2021-11-17
20618,545,506,38,583,544,2021-11-17
20617,560,506,32,592,538,2021-11-17
20674,531,471,58,589,529,2021-11-17
20645,526,483,33,559,516,2021-11-17
21645,571,467,49,620,516,2021-11-17
21778,494,457,52,546,509,2021-11-17
20868,527,470,34,561,504,2021-11-17
21671,450,416,83,533,499,2021-11-17
21779,446,413,84,530,497,2021-11-17
21662,481,436,60,541,496,2021-11-17
20758,485,445,33,518,478,2021-11-17
21821,453,412,54,507,466,2021-11-17
21856,431,397,60,491,457,2021-11-17
21869,417,391,60,477,451,2021-11-17
20608,434,401,43,477,444,2021-11-17
21719,406,373,70,476,443,2021-11-17
21711,405,372,50,455,422,2021-11-17
21405,437,393,25,462,418,2021-11-17
21734,394,372,46,440,418,2021-11-17
21521,402,380,31,433,411,2021-11-17
20880,410,377,31,441,408,2021-11-17
21914,377,357,42,419,399,2021-11-17
20625,402,367,22,424,389,2021-11-17
21659,340,318,70,410,388,2021-11-17
21402,409,347,29,438,376,2021-11-17
20765,368,330,22,390,352,2021-11-17
21802,369,330,16,385,346,2021-11-17
21861,330,307,33,363,340,2021-11-17
21872,338,312,23,361,335,2021-11-17
21913,344,307,26,370,333,2021-11-17
20628,348,320,11,359,331,2021-11-17
21529,312,281,45,357,326,2021-11-17
21634,377,292,26,403,318,2021-11-17
21071,319,288,29,348,317,2021-11-17
20630,306,272,45,351,317,2021-11-17
20701,316,282,31,347,313,2021-11-17
21679,301,275,35,336,310,2021-11-17
21677,296,259,41,337,300,2021-11-17
20862,299,277,21,320,298,2021-11-17
20670,307,263,33,340,296,2021-11-17
20667,300,280,15,315,295,2021-11-17
21612,278,241,52,330,293,2021-11-17
21664,259,241,43,302,284,2021-11-17
21864,292,271,11,303,282,2021-11-17
21203,281,257,16,297,273,2021-11-17
20632,268,252,15,283,267,2021-11-17
21622,228,211,44,272,255,2021-11-17
20615,254,229,24,278,253,2021-11-17
21538,259,237,16,275,253,2021-11-17
20656,240,230,20,260,250,2021-11-17
20604,265,231,13,278,244,2021-11-17
20626,253,229,10,263,239,2021-11-17
21766,241,209,30,271,239,2021-11-17
21829,233,218,20,253,238,2021-11-17
21628,221,205,27,248,232,2021-11-17
20762,278,205,24,302,229,2021-11-17
21051,223,203,23,246,226,2021-11-17
21156,207,201,22,229,223,2021-11-17
21762,220,203,17,237,220,2021-11-17
21840,217,199,20,237,219,2021-11-17
21835,199,190,29,228,219,2021-11-17
20838,217,202,16,233,218,2021-11-17
21814,208,190,28,236,218,2021-11-17
21865,206,192,26,232,218,2021-11-17
21052,205,195,20,225,215,2021-11-17
21714,212,197,17,229,214,2021-11-17
20812,223,188,17,240,205,2021-11-17
21676,188,173,32,220,205,2021-11-17
20686,205,197,7,212,204,2021-11-17
21524,192,179,23,215,202,2021-11-17
20606,204,191,10,214,201,2021-11-17
21607,188,169,30,218,199,2021-11-17
21610,192,183,16,208,199,2021-11-17
21077,203,185,11,214,196,2021-11-17
21705,194,173,21,215,194,2021-11-17
21647,175,159,34,209,193,2021-11-17
21665,174,158,31,205,189,2021-11-17
21667,176,163,21,197,184,2021-11-17
20839,174,162,20,194,182,2021-11-17
20612,185,171,4,189,175,2021-11-17
20687,167,157,16,183,173,2021-11-17
21843,178,158,15,193,173,2021-11-17
20875,168,146,20,188,166,2021-11-17
21717,158,147,17,175,164,2021-11-17
21404,157,133,12,169,145,2021-11-17
21056,158,129,14,172,143,2021-11-17
21922,137,133,8,145,141,2021-11-17
20704,146,122,12,158,134,2021-11-17
21252,141,127,4,145,131,2021-11-17
21718,129,113,13,142,126,2021-11-17
21501,152,122,3,155,125,2021-11-17
21648,114,106,19,133,125,2021-11-17
21041,134,118,5,139,123,2021-11-17
21123,129,118,3,132,121,2021-11-17
21652,109,103,17,126,120,2021-11-17
21250,115,103,15,130,118,2021-11-17
21650,124,110,7,131,117,2021-11-17
20725,114,100,14,128,114,2021-11-17
21920,107,101,11,118,112,2021-11-17
21669,106,100,12,118,112,2021-11-17
20914,114,105,3,117,108,2021-11-17
20660,114,105,2,116,107,2021-11-17
21022,111,99,5,116,104,2021-11-17
20773,113,99,4,117,103,2021-11-17
20629,101,90,13,114,103,2021-11-17
20703,114,86,12,126,98,2021-11-17
21543,84,75,21,105,96,2021-11-17
21824,51,50,46,97,96,2021-11-17
20610,63,55,40,103,95,2021-11-17
21023,98,91,4,102,95,2021-11-17
21672,84,79,16,100,95,2021-11-17
21641,86,80,14,100,94,2021-11-17
20768,102,88,5,107,93,2021-11-17
21720,66,64,28,94,92,2021-11-17
20849,90,84,6,96,90,2021-11-17
20718,96,85,3,99,88,2021-11-17
21790,79,75,9,88,84,2021-11-17
21624,80,72,10,90,82,2021-11-17
20830,80,74,7,87,81,2021-11-17
20791,89,77,1,90,78,2021-11-17
20792,85,71,5,90,76,2021-11-17
20749,84,68,7,91,75,2021-11-17
21282,78,71,2,80,73,2021-11-17
20907,83,69,3,86,72,2021-11-17
21741,69,62,10,79,72,2021-11-17
21653,63,59,13,76,72,2021-11-17
20627,77,69,2,79,71,2021-11-17
20753,80,69,2,82,71,2021-11-17
21130,75,67,4,79,71,2021-11-17
20757,75,64,4,79,68,2021-11-17
21031,75,64,3,78,67,2021-11-17
20827,67,60,6,73,66,2021-11-17
21106,67,59,7,74,66,2021-11-17
21523,71,58,8,79,66,2021-11-17
20898,69,62,2,71,64,2021-11-17
21094,63,60,4,67,64,2021-11-17
21803,63,60,4,67,64,2021-11-17
21675,57,53,10,67,63,2021-11-17
20859,70,58,2,72,60,2021-11-17
21284,55,51,9,64,60,2021-11-17
21010,61,53,7,68,60,2021-11-17
21916,64,59,1,65,60,2021-11-17
21721,58,54,6,64,60,2021-11-17
21626,51,48,11,62,59,2021-11-17
20787,68,55,3,71,58,2021-11-17
20709,69,54,2,71,56,2021-11-17
21027,55,50,5,60,55,2021-11-17
21715,54,47,6,60,53,2021-11-17
21644,51,45,8,59,53,2021-11-17
21233,55,50,2,57,52,2021-11-17
20717,49,47,4,53,51,2021-11-17
21862,48,44,7,55,51,2021-11-17
20884,52,45,4,56,49,2021-11-17
20848,50,45,4,54,49,2021-11-17
20915,61,48,1,62,49,2021-11-17
20750,56,45,3,59,48,2021-11-17
21867,48,47,1,49,48,2021-11-17
20824,47,43,4,51,47,2021-11-17
21930,50,43,4,54,47,2021-11-17
21020,47,43,3,50,46,2021-11-17
20885,53,44,2,55,46,2021-11-17
20847,49,39,6,55,45,2021-11-17
20883,55,43,1,56,44,2021-11-17
20741,43,37,4,47,41,2021-11-17
21251,48,37,4,52,41,2021-11-17
20775,43,37,1,44,38,2021-11-17
20916,43,34,4,47,38,2021-11-17
21150,40,37,1,41,38,2021-11-17
21062,40,36,2,42,38,2021-11-17
20738,39,33,2,41,35,2021-11-17
21139,36,34,1,37,35,2021-11-17
21522,30,29,3,33,32,2021-11-17
21287,33,29,2,35,31,2021-11-17
21540,30,26,3,33,29,2021-11-17
20719,27,25,2,29,27,2021-11-17
20731,31,26,1,32,27,2021-11-17
20752,27,24,2,29,26,2021-11-17
21285,28,23,3,31,26,2021-11-17
21542,26,23,1,27,24,2021-11-17
21556,19,18,6,25,24,2021-11-17
21902,23,21,3,26,24,2021-11-17
20918,25,22,1,26,23,2021-11-17
20661,23,22,1,24,23,2021-11-17
21505,21,20,3,24,23,2021-11-17
20726,27,20,2,29,22,2021-11-17
21627,21,21,1,22,22,2021-11-17
20857,21,19,2,23,21,2021-11-17
20891,17,15,5,22,20,2021-11-17
21018,21,19,1,22,20,2021-11-17
20702,18,17,1,19,18,2021-11-17
20771,20,17,1,21,18,2021-11-17
21609,18,15,2,20,17,2021-11-17
21775,18,14,3,21,17,2021-11-17
20635,17,13,2,19,15,2021-11-17
20873,18,12,2,20,14,2021-11-17
20889,15,13,1,16,14,2021-11-17
21088,15,13,1,16,14,2021-11-17
21866,4,4,10,14,14,2021-11-17
20911,14,12,1,15,13,2021-11-17
20810,17,11,2,19,13,2021-11-17
20790,12,12,1,13,13,2021-11-17
21092,14,12,1,15,13,2021-11-17
21503,11,11,2,13,13,2021-11-17
21528,13,12,1,14,13,2021-11-17
20811,10,10,1,11,11,2021-11-17
20799,15,9,2,17,11,2021-11-17
21836,14,10,1,15,11,2021-11-17
21232,9,9,1,10,10,2021-11-17
20786,13,8,1,14,9,2021-11-17
20789,12,7,2,14,9,2021-11-17
21260,8,7,1,9,8,2021-11-17
20643,7,6,1,8,7,2021-11-17
20806,7,6,1,8,7,2021-11-17
20801,6,5,1,7,6,2021-11-17
20780,7,5,1,8,6,2021-11-17
21270,6,5,1,7,6,2021-11-17
21670,4,3,3,7,6,2021-11-17
21412,7,4,2,9,6,2021-11-17
21683,5,5,1,6,6,2021-11-17
20682,4,4,1,5,5,2021-11-17
20825,7,4,1,8,5,2021-11-17
20795,6,4,1,7,5,2021-11-17
21278,4,4,1,5,5,2021-11-17
21126,4,3,1,5,4,2021-11-17
20700,1,1,2,3,3,2021-11-17
20823,2,2,1,3,3,2021-11-17
21072,2,2,1,3,3,2021-11-17
20845,2,2,1,3,3,2021-11-17
20881,2,2,1,3,3,2021-11-17
21134,4,2,1,5,3,2021-11-17
21112,2,2,1,3,3,2021-11-17
21176,2,2,1,3,3,2021-11-17
21743,2,2,1,3,3,2021-11-17
21098,2,2,1,3,3,2021-11-17
21732,2,2,1,3,3,2021-11-17
21004,1,1,1,2,2,2021-11-17
21273,1,1,1,2,2,2021-11-17
20697,2,1,1,3,2,2021-11-17
21127,1,1,1,2,2,2021-11-17
20858,3,1,1,4,2,2021-11-17
21708,2,1,1,3,2,2021-11-17
21265,1,1,1,2,2,2021-11-17
21400,1,1,1,2,2,2021-11-17
